1 5678 435053 Понедельник 12
2 1234 235032 Понедельник 12
3 6421 335042 Понедельник 12
4 2521 235031 Понедельник 12
5 2134 235033 Понедельник 12
6 7403 235031 Вторник 14
7 7403 235032 Вторник 14
8 7403 235033 Вторник 14
9 5555 435053 Вторник 10
10 5555 335042 Вторник 16
11 1234 235031 Среда 8
12 3456 235031 Среда 10
13 5678 235031 Среда 12
14 1356 235031 Среда 14
15 2312 235031 Среда 16
16 3456 235033 Четверг 8
17 1356 435053 Четверг 10
18 2312 335042 Четверг 12
19 2134	235032 Четверг 14
20 6421 235031 Четверг 16
21 5555 235031 Пятница 10
22 5555 235032 Пятница 10
23 5555 235033 Пятница 10
24 5555 335042 Пятница 10
25 5555 435053 Пятница 10